10.169116
9.955461
9.878124
9.777214
10.079009
9.876634
10.047146
10.100657
10.297490
10.046915
10.266606
9.997356
10.119517
9.971326
10.102702
9.811984
10.156770
9.880672
9.741783
10.070171
9.942311
10.017385
9.937159
10.268503
10.052361
10.117948
9.989785
9.986467
10.037366
10.038937
9.980655
10.029630
9.870142
10.036705
10.026309
9.840242
10.117214
10.070063
10.086859
10.044659
9.756353
9.977700
10.014499
9.898583
9.855527
10.042858
10.051299
10.197051
10.200027
10.118861
10.012648
10.106475
9.820545
10.043700
10.159358
9.996459
10.020420
10.060224
9.950071
10.139242
9.974857
9.883807
10.011084
9.830513
10.000139
9.858808
9.976433
10.169092
9.909310
9.977463
10.066532
10.046430
9.834321
9.770275
10.075025
9.997880
10.194309
10.120124
10.277455
9.949895
9.877465
10.123435
10.260008
9.972024
10.199937
10.032039
9.952458
9.982447
9.927975
10.180649
9.888503
10.106762
9.964021
10.073803
9.912509
10.026329
9.827378
10.135596
10.291792
10.060523
9.901414
10.022672
9.885374
9.994360
10.041318
10.062029
10.171438
9.972270
9.940636
10.027462
9.945155
9.790095
10.261158
9.976837
10.014336
10.127935
9.869668
10.075257
9.876610
9.996299
9.894197
10.000724
10.008770
9.937757
9.970852
9.893971
10.088613
10.096409
9.898164
9.945384
10.080560
10.003588
10.134282
10.017208
9.953737
10.091550
10.011269
9.934568
9.958486
9.915823
9.884294
9.945854
9.865812
10.105897
9.905818
10.042658
10.038526
10.103934
10.197379
9.897971
9.861366
9.964716
9.965448
10.131591
10.204809
10.129855
10.118073
10.015644
9.836370
9.855155
9.972191
9.892658
9.913499
10.019088
9.912446
9.968471
10.071604
9.921110
9.906571
10.049257
10.096424
10.114874
10.055851
9.990014
9.997669
10.007561
10.026677
10.028619
9.902702
9.918081
9.953659
9.962422
10.155164
9.996058
10.028710
10.154201
9.823930
10.095596
9.950839
9.941491
9.905678
9.941305
9.932284
9.968898
9.938549
9.949353
9.931992
10.211609
9.921905
10.075549